1101        010
1102        010
1201        022
1202        022
1301        0311
1302        0315
1303        0335
1304        0310
1305        0319
1306        0312
1307        0313
1308        0314
1309        0317
1310        0316
1311        0318
3101        021
3102        021
3201        025
3202        0510
3203        0516
3204        0519
3205        0512
3206        0513
3207        0518
3208        0517
3209        0515
3210        0514
3211        0511
3212        0523
3213        0527
4401        020
4402        0751
4403        0755
4404        0756
4405        0754
4406        0757
4407        0750
4408        0759
4409        0668
4412        0758
4413        0752
4414        0753
4415        0660
4416        0762
4417        0662
4418        0763
4419        0769
4420        0760
4451        0768
4452        0663
4453        0766
3601        0791
3602        0798
3603        0799
3604        0792
3605        0790
3606        0701
3607        0797
3608        0796
3609        0795
3610        0794
3611        0793
1401        0351
1402        0352
1403        0353
1404        0355
1405        0356
1406        0349
1407        0354
1408        0359
1409        0350
1410        0357
1411        0358
1501        0471
1502        0472
1503        0473
1504        0476
1505        0475
1506        0477
1507        0470
1508        0478
1509        0474
1522        0482
1525        0479
1529        0483
2101        024
2102        0411
2103        0412
2104        024
2105        0414
2106        0415
2107        0416
2108        0417
2109        0418
2110        0419
2111        0427
2112        024
2113        0421
2114        0429
2201        0431
2202        0432
2203        0434
2204        0437
2205        0435
2206        0439
2207        0438
2208        0436
2224        0433
2301        0451
2302        0452
2303        0467
2304        0468
2305        0469
2306        0459
2307        0458
2308        0454
2309        0464
2310        0453
2311        0456
2312        0455
2327        0457
3301        0571
3302        0574
3303        0577
3304        0573
3305        0572
3306        0575
3307        0579
3308        0570
3309        0580
3310        0576
3311        0578
3401        0551
3402        0553
3403        0552
3404        0554
3405        0555
3406        0561
3407        0562
3408        0556
3410        0559
3411        0550
3412        0558
3413        0557
3415        0564
3416        0558
3417        0566
3418        0563
3501        0591
3502        0592
3503        0594
3504        0598
3505        0595
3506        0596
3507        0599
3508        0597
3509        0593
3701        0531
3702        0532
3703        0533
3704        0632
3705        0546
3706        0535
3707        0536
3708        0537
3709        0538
3710        0631
3711        0633
3712        0634
3713        0539
3714        0534
3715        0635
3716        0543
3717        0530
4101        0371
4102        0378
4103        0379
4104        0375
4105        0372
4106        0392
4107        0373
4108        0391
4109        0393
4110        0374
4111        0395
4112        0398
4113        0377
4114        0370
4115        0376
4116        0394
4117        0396
4201        027
4202        0714
4203        0719
4205        0717
4206        0710
4207        0711
4208        0724
4209        0712
4210        0716
4211        0713
4212        0715
4213        0722
4228        0718
4290        0728
4290        0728
4290        0728
4290        0719
4301        0731
4302        0731
4303        0731
4304        0734
4305        0739
4306        0730
4307        0736
4308        0744
4309        0737
4310        0735
4311        0746
4312        0745
4313        0738
4331        0743
4501        0771
4502        0772
4503        0773
4504        0774
4505        0779
4506        0770
4507        0777
4508        0775
4509        0775
4510        0776
4511        0774
4512        0778
4513        0772
4514        0771
4601        0898
4602        0898
4690        0898
5001        023
5002        023
5101        028
5103        0813
5104        0812
5105        0830
5106        0838
5107        0816
5108        0839
5109        0825
5110        0832
5111        0833
5113        0817
5114        028
5115        0831
5116        0826
5117        0818
5118        0835
5119        0827
5120        028
5132        0837
5133        0836
5134        0834
5201        0815
5202        0858
5203        0852
5204        0853
5205        0857
5206        0856
5223        0859
5226        0855
5227        0854
5301        0871
5303        0874
5304        0877
5305        0875
5306        0870
5307        0888
5308        0879
5309        0883
5323        0878
5325        0873
5326        0876
5328        0691
5329        0872
5331        0692
5333        0886
5334        0887
5401        0891
5421        0895
5422        0893
5423        0892
5424        0896
5425        0897
5426        0894
6101        029
6102        0919
6103        0917
6104        029
6105        0913
6106        0911
6107        0916
6108        0912
6109        0915
6110        0914
6201        0931
6202        0937
6203        0935
6204        0943
6205        0938
6206        0935
6207        0936
6208        0933
6209        0937
6210        0934
6211        0932
6212        0939
6229        0930
6230        0941
6301        0971
6321        0972
6322        0970
6323        0973
6325        0974
6326        0975
6327        0976
6328        0977
6401        0951
6402        0952
6403        0953
6404        0954
6405        0955
6501        0991
6502        0992
6521        0995
6522        0902
6523        0994
6527        0909
6528        0996
6529        0997
6530        0908
6531        0998
6532        0903
6540        0992
6542        0901
6543        0906
9901        9999
default     8
